3
5
6
7
9
12
13
14
16
17
28
29
32
33
35
39
41
44
45
47
52
56
58
61
62
65
69
73
75
76
77
78
79
80
83
84
88
89
91
92
94
95
96
100
104
109
110
113
115
119
124
125
126
129
130
131
134
136
137
139
141
142
143
144
145
147
148
149
152
153
156
158
159
160
163
167
169
170
173
179
180
183
187
188
191
193
194
195
197
200
201
203
208
210
212
215
219
220
221
222
223
225
226
228
229
231
233
236
237
239
240
242
246
247
250
253
254
256
257
260
262
264
265
268
269
270
271
272
273
276
279
281
285
287
292
293
294
295
297
298
303
307
308
311
313
314
317
319
320
327
328
330
331
332
333
334
335
344
345
347
349
352
353
358
359
363
369
371
372
374
375
376
377
379
385
386
388
392
393
394
395
396
397
398
400
402
405
408
409
413
416
417
418
420
425
426
428
431
437
441
443
445
447
448
449
450
452
455
456
457
460
461
462
463
464
465
466
467
469
473
474
475
477
478
479
481
492
493
495
496
499
500
503
504
507
508
510
513
515
521
523
524
525
526
527
530
531
532
535
536
537
539
542
543
550
553
554
560
561
563
564
569
572
573
574
578
579
582
583
586
591
592
593
594
595
598
599
601
615
616
618
621
625
629
631
633
635
637
638
639
641
645
646
647
648
649
651
654
658
660
664
665
668
669
671
673
675
676
677
692
693
695
696
697
699
700
701
708
712
713
717
719
721
722
723
725
726
727
730
731
732
733
734
736
737
743
747
748
756
763
766
768
776
779
783
788
794
799
803
806
810
811
813
816
819
820
824
825
828
829
830
833
834
838
839
840
842
843
846
849
854
855
856
862
863
865
866
868
869
870
871
873
874
875
878
879
881
883
888
896
897
898
899
900
901
906
907
908
910
911
913
914
915
916
917
923
924
925
926
929
930
931
933
936
942
946
947
950
954
955
960
963
966
968
970
975
976
979
980
981
985
987
989
990
992
993
996
997
999
1001
1003
1006
1011
1012
1014
1015
1016
1017
1020
1022
1024
1026
1027
1028
1029
1032
1033
1035
1038
1039
1040
1042
1043
1045
1046
1047
1053
1057
1058
1060
1061
1064
1065
1068
1069
1072
1075
1076
1077
1078
1080
1088
1089
1090
1094
1095
1099
1102
1103
1108
1110
1114
1115
1117
1119
1126
1132
1133
1135
1136
1137
1140
1145
1148
1152
1155
1158
1159
1160
1161
1165
1166
1168
1171
1174
1180
1182
1185
1186
1187
1189
1192
1193
1194
1195
1197
1198
1199
1200
1204
1205
1207
1208
1212
1213
1216
1217
1219
1221
1222
1223
1224
1226
1227
1229
1231
1235
1240
1241
1242
1244
1246
1249
1250
1251
1255
1256
1257
1260
1261
1263
1265
1266
1272
1273
1275
1276
1279
1281
1282
1283
1284
1286
1287
1288
1289
1290
1292
1293
1295
1297
1300
1302
1303
1308
1313
1314
1318
1323
1324
1326
1327
1328
1330
1331
1334
1335
1336
1337
1339
1343
1345
1346
1350
1352
1355
1356
1359
1361
1363
1365
1368
1369
1370
1371
1373
1375
1382
1383
1384
1390
1391
1392
1393
1397
1399
1406
1413
1415
1418
1420
1423
1424
1431
1432
1433
1434
1444
1448
1449
1453
1455
1456
1461
1462
1464
1466
1471
1472
1473
1476
1478
1480
1482
1485
1487
1490
1492
1493
1496
1501
1503
1504
1506
1508
1510
1511
1514
1515
1518
1519
1521
1522
1523
1525
1527
1530
1531
1532
1533
1534
1535
1538
1542
1543
1545
1547
1548
1549
1550
1554
1556
1557
1563
1566
1568
1571
1572
1576
1578
1585
1586
1592
1593
1596
1602
1603
1609
1611
1612
1615
1617
1622
1624
1626
1629
1631
1632
1633
1640
1641
1642
1643
1645
1649
1650
1651
1652
1653
1654
1655
1658
1659
1660
1661
1662
1664
1667
1669
1670
1671
1672
1673
1675
1676
1677
1678
1679
1680
1683
1684
1687
1688
1689
1691
1692
1693
1696
1707
1708
1710
1717
1718
1719
1720
1722
1723
1731
1734
1735
1736
1738
1741
1744
1745
1746
1747
1750
1752
1753
1754
1758
1762
1767
1768
1770
1771
1776
1777
1778
1779
1780
1786
1787
1788
1789
1791
1792
1793
1794
1795
1800
1801
1803
1804
1806
1808
1811
1821
1824
1825
1826
1829
1833
1834
1835
1836
1838
1839
1840
1843
1844
1846
1849
1854
1855
1856
1857
1858
1859
1861
1864
1865
1866
1867
1869
1870
1871
1872
1873
1875
1876
1877
1878
1879
1880
1884
1886
1887
1888
1891
1892
1895
1897
1898
1901
1902
1903
1905
1906
1907
1909
1910
1913
1918
1923
1924
1925
1930
1932
1933
1936
1937
1943
1945
1946
1949
1951
1952
1953
1954
1955
1956
1957
1960
1965
1966
1967
1969
1972
1974
1978
1979
1980
1981
1982
1986
1994
1997
2000
2002
2003
2004
2013
2014
2016
2017
2018
2019
2026
2027
2032
2033
2035
2038
2041
2042
2043
2044
2054
2056
2058
2060
2063
2068
2069
2073
2080
2081
2082
2083
2084
2085
2087
2088
2089
2090
2092
2093
2094
2095
2096
2097
2098
2100
2101
2102
2104
2106
2108
2109
2110
2111
2113
2117
2119
2120
2121
2122
2125
2129
2130
2134
2135
2136
2137
2138
2140
2142
2143
2145
2149
2155
2156
2162
2163
2166
2167
2168
2169
2175
2176
2178
2179
2180
2184
2185
2187
2188
2189
2191
2192
2193
2195
2196
2198
2199
2202
2205
2206
2208
2212
2218
2220
2224
2225
2228
2229
2230
2232
2234
2236
2237
2241
2244
2246
2247
2248
2251
2252
2253
2255
2256
2261
2263
2266
2267
2268
2271
2272
2275
2277
2281
2282
2283
2289
2290
2291
2297
2298
2302
2303
2305
2308
2310
2312
2314
2317
2318
2320
2321
2322
2325
2331
2332
2333
2334
2336
2338
2340
2341
2342
2343
2346
2353
2354
2355
2361
2362
2364
2366
2368
2369
2371
2373
2376
2380
2381
2382
2384
2386
2387
2388
2390
2391
2394
2395
2398
2401
2402
2404
2407
2408
2410
2411
2412
2415
2419
2421
2423
2425
2427
2429
2431
2432
2433
2435
2436
2438
2441
2443
2444
2445
2447
2449
2453
2454
2455
2459
2462
2467
2468
2469
2471
2475
2476
2478
2481
2484
2485
2487
2489
2490
2491
2496
2502
2506
2508
2514
2515
2516
2517
2520
2524
2525
2527
2528
2530
2531
2534
2536
2538
2539
2540
2541
2542
2546
2551
2554
2556
2558
2560
2561
2562
2567
2568
2569
2572
2575
2580
2581
2586
2587
2591
2592
2593
2595
2597
2599
2602
2603
2606
2608
2614
2616
2617
2619
2626
2628
2634
2635
2637
2640
2645
2647
2652
2657
2658
2660
2661
2662
2663
2666
2667
2668
2670
2672
2673
2676
2677
2678
2680
2682
2683
2685
2688
2689
2690
2691
2693
2694
2695
2697
2698
2699
2701
2705
2708
2710
2711
2712
2714
2716
2717
2718
2724
2726
2730
2731
2734
2735
2736
2737
2738
2739
2745
2751
2752
2753
2754
2755
2758
2759
2760
2762
2764
2765
2766
2768
2769
2771
2774
2775
2776
2778
2779
2780
2781
2782
2783
2784
2785
2786
2789
2791
2794
2800
2801
2804
2805
2807
2808
2809
2811
2813
2814
2815
2816
2820
2821
2822
2824
2826
2829
2833
2836
2838
2839
2840
2841
2843
2844
2845
2846
2847
2848
2852
2854
2856
2859
2860
2865
2866
2867
2869
2871
2872
2875
2876
2879
2880
2881
2883
2887
2891
2893
2894
2895
2897
2899
2900
2902
2903
2904
2906
2908
2912
2914
2916
2917
2918
2919
2920
2921
2923
2924
2926
2929
2930
2931
2935
2937
2939
2940
2941
2942
2944
2946
2949
2951
2952
2953
2954
2957
2958
2959
2961
2966
2967
2970
2971
2974
2975
2978
2979
2981
2983
2984
2985
2986
2987
2989
2990
2991
2992
2994
2995
2997
2999
3000
3001
3006
3011
3012
3014
3018
3019
3020
3021
3022
3023
3028
3029
3030
3033
3034
3035
3036
3037
3038
3040
3045
3046
3050
3054
3055
3057
3058
3059
3069
3073
3074
3075
3078
3079
3081
3084
3098
3100
3101
3106
3107
3110
3112
3114
3116
3119
3120
3121
3123
3124
3125
3129
3130
3133
3135
3136
3137
3138
3140
3141
3144
3147
3148
3149
3150
3151
3152
3153
3155
3156
3157
3158
3159
3160
3161
3162
3165
3168
3169
3170
3171
3173
3175
3177
3182
3183
3189
3190
3191
3192
3193
3194
3195
3197
3201
3202
3203
3208
3209
3210
3211
3213
3214
3215
3217
3218
3219
3220
3221
3222
3223
3228
3229
3230
3231
3234
3235
3236
3238
3240
3241
3242
3244
3247
3249
3251
3254
3255
3256
3259
3260
3262
3263
3265
3272
3273
3274
3275
3276
3277
3278
3280
3281
3282
3284
3285
3288
3292
3293
3294
3295
3296
3297
3299
3300
3303
3304
3306
3315
3318
3320
3322
3325
3327
3332
3334
3336
3337
3338
3341
3343
3344
3346
3347
3349
3351
3355
3356
3357
3361
3363
3364
3370
3371
3373
3374
3380
3381
3383
3384
3388
3391
3392
3393
3394
3395
3397
3399
3401
3402
3404
3408
3411
3412
3413
3415
3416
3418
3419
3420
3421
3422
3423
3424
3425
3426
3430
3435
3436
3437
3438
3440
3441
3442
3444
3446
3447
3448
3451
3452
3454
3456
3458
3463
3467
3468
3470
3472
3473
3475
3476
3480
3484
3486
3487
3489
3490
3494
3496
3498
3499
3500
3506
3507
3508
3510
3511
3512
3513
3515
3516
3517
3520
3521
3522
3527
3530
3536
3537
3539
3541
3542
3544
3545
3548
3549
3552
3560
3561
3562
3564
3566
3570
3572
3573
3574
3577
3581
3583
3584
3586
3587
3588
3591
3592
3594
3595
3597
3598
3600
3601
3603
3604
3606
3607
3608
3610
3615
3619
3620
3622
3623
3625
3626
3627
3628
3636
3638
3639
3640
3641
3643
3645
3650
3653
3654
3657
3658
3659
3664
3666
3668
3669
3670
3672
3673
3674
3676
3680
3682
3684
3685
3686
3687
3690
3691
3693
3699
3701
3702
3703
3704
3709
3714
3715
3720
3722
3723
3725
3727
3730
3733
3736
3737
3738
3740
3742
3744
3749
3751
3752
3755
3762
3763
3768
3774
3778
3779
3780
3782
3783
3784
3785
3789
3792
3795
3797
3800
3801
3803
3804
3805
3807
3808
3809
3812
3817
3821
3822
3825
3829
3830
3832
3833
3834
3836
3837
3838
3841
3842
3843
3844
3845
3846
3849
3851
3855
3856
3859
3861
3862
3864
3867
3868
3870
3871
3875
3879
3881
3882
3884
3885
3889
3890
3895
3897
3898
3901
3903
3904
3905
3908
3910
3911
3912
3916
3917
3918
3920
3921
3922
3924
3928
3934
3937
3938
3941
3942
3945
3948
3951
3952
3955
3956
3957
3959
3960
3964
3965
3967
3968
3971
3973
3974
3977
3980
3981
3982
3983
3984
3987
3990
3991
3995
3996
3999
4002
4005
4010
4015
4016
4017
4018
4019
4021
4027
4031
4033
4037
4040
4041
4043
4045
4046
4047
4049
4050
4053
4056
4060
4061
4063
4067
4070
4072
4074
4075
4078
4079
4080
4082
4083
4084
4086
4087
4088
4090
4091
4093
4095
4098
4099
4100
4104
4109
4110
4113
4115
4117
4118
4121
4122
4126
4128
4131
4132
4133
4134
4135
4137
4138
4146
4147
4150
4151
4152
4155
4156
4158
4159
4160
4163
4164
4166
4167
4168
4169
4170
4172
4173
4174
4176
4177
4178
4179
4180
4181
4182
4184
4187
4193
4194
4195
4197
4198
4201
4203
4209
4210
4211
4212
4213
4217
4218
4219
4222
4223
4224
4225
4226
4227
4228
4229
4231
4234
4235
4237
4240
4241
4244
4245
4250
4251
4252
4254
4255
4257
4261
4262
4265
4266
4267
4272
4274
4275
4276
4277
4278
4279
4280
4281
4283
4284
4289
4290
4291
4294
4298
4299
4300
4302
4308
4310
4313
4314
4316
4317
4321
4322
4324
4327
4332
4333
4334
4336
4337
4338
4339
4340
4342
4343
4344
4346
4347
4349
4351
4352
4353
4356
4359
4362
4363
4368
4373
4374
4377
4378
4380
4384
4385
4390
4392
4393
4394
4395
4397
4399
4400
4404
4407
4408
4414
4415
4417
4424
4425
4426
4430
4432
4433
4436
4437
4440
4441
4442
4443
4446
4447
4448
4450
4451
4452
4453
4454
4455
4456
4463
4464
4468
4469
4471
4474
4476
4480
4483
4485
4486
4487
4488
4489
4492
4496
4498
4499
4500
4502
4504
4506
4509
4510
4513
4514
4515
4519
4520
4524
4526
4528
4530
4531
4533
4536
4537
4538
4539
4540
4541
4542
4544
4546
4547
4550
4551
4556
4558
4559
4560
4562
4565
4566
4567
4569
4572
4573
4575
4577
4578
4579
4580
4582
4583
4584
4585
4587
4592
4597
4598
4605
4609
4611
4614
4617
4619
4620
4621
4622
4624
4626
4627
4628
4630
4631
4633
4636
4637
4639
4642
4645
4648
4653
4654
4656
4658
4659
4662
4663
4664
4666
4667
4668
4669
4671
4672
4673
4676
4678
4681
4683
4684
4687
4688
4690
4691
4692
4693
4694
4695
4697
4701
4702
4703
4704
4705
4706
4708
4709
4710
4711
4712
4714
4716
4718
4719
4721
4722
4726
4728
4729
4730
4732
4733
4735
4737
4738
4740
4741
4742
4744
4745
4751
4754
4755
4756
4757
4760
4761
4762
4763
4764
4766
4767
4768
4769
4771
4772
4773
4774
4777
4778
4779
4780
4781
4784
4785
4786
4788
4789
4790
4792
4795
4797
4798
4800
4802
4803
4807
4809
4811
4812
4814
4816
4817
4821
4822
4828
4829
4833
4836
4837
4839
4841
4845
4847
4848
4851
4852
4856
4859
4860
4861
4863
4864
4867
4870
4871
4877
4879
4880
4882
4884
4886
4887
4891
4892
4893
4896
4900
4902
4903
4904
4905
4908
4911
4912
4913
4915
4916
4919
4920
4922
4924
4925
4926
4927
4928
4931
4932
4933
4935
4936
4937
4938
4939
4940
4942
4944
4945
4947
4949
4950
4953
4956
4957
4960
4962
4963
4964
4965
4968
4969
4970
4972
4973
4974
4975
4976
4977
4979
4981
4983
4989
4993
4994
4996
4997
4999
5001
5006
5009
5027
5032
5034
5035
5037
5042
5044
5045
5047
5050
5055
5057
5064
5065
5067
5068
5069
5070
5071
5072
5073
5074
5076
5077
5078
5080
5082
5083
5087
5088
5090
5091
5093
5095
5099
5100
5102
5104
5108
5110
5113
5114
5116
5117
5120
5124
5127
5128
5129
5133
5134
5135
5139
5141
5143
5144
5148
5149
5151
5153
5156
5157
5159
5162
5163
5168
5171
5174
5175
5176
5177
5178
5179
5183
5184
5186
5188
5190
5191
5193
5198
5199
5200
5203
5207
5209
5211
5214
5215
5219
5220
5221
5222
5223
5224
5225
5226
5227
5228
5230
5232
5233
5235
5237
5238
5239
5240
5247
5248
5249
5250
5254
5255
5256
5257
5258
5260
5263
5264
5269
5272
5274
5276
5277
5278
5288
5289
5291
5296
5297
5301
5308
5325
5330
5332
5335
5344
5353
5354
5356
5358
5361
5362
5364
5368
5372
5385
5387
5388
5403
5411
5422
5424
5426
5429
5430
5431
5432
5436
5439
5451
5463
5467
5468
5472
5477
5482
5484
5486
5489
5490
5494
5510
5513
5517
5518
5525
5530
5534
5536
5540
5553
5555
5561
5563
5566
5568
5571
5574
5576
5578
5588
5589
5590
5593
5602
5605
5607
5610
5632
5637
5650
5652
5656
5664
5666
5671
5672
5673
5675
5690
5701
5706
5707
5716
5717
5725
5735
5738
5742
5745
5754
5756
5757
5759
5762
5775
5781
5782
5783
5790
5791
5794
5799
5802
5803
5812
5813
5820
5827
5830
5835
5837
5844
5846
5848
5853
5854
5859
5865
5871
5874
5876
5878
5879
5881
5883
5884
5887
5890
5891
5894
5898
5905
5907
5917
5918
5930
5931
5932
5940
5951
5952
5959
5960
5961
5969
5970
5971
5976
5980
5981
5982
5984
5993
5998
6009
6017
6019
6028
6030
6036
6037
6039
6040
6042
6044
6052
6056
6064
6073
6078
6081
6092
6095
6096
6098
6099
6100
6101
6104
6108
6110
6114
6115
6120
6124
6127
6131
6134
6135
6143
6149
6173
6175
6182
6202
6221
6222
6238
6257
6264
6272
6274
6275
6277
6280
6283
6285
6287
6288
6289
6290
6291
6303
6309
6320
6323
6324
6329
6330
6332
6333
6337
6338
6343
6347
6349
6350
6356
6368
6369
6372
6377
6379
6382
6384
6389
6391
6395
6396
6399
6403
6406
6421
6424
6431
6438
6443
6447
6449
6451
6460
6461
6462
6469
6471
6473
6474
6477
6479
6488
6489
6493
6497
6498
6499
6505
6507
6517
6519
6526
6528
6531
6533
6535
6536
6545
6548
6553
6559
6564
6569
6573
6574
6579
6581
6585
6600
6607
6612
6628
6629
6636
6641
6644
6645
6659
6668
6673
6678
6681
6693
6694
6696
6697
6699
6700
6704
6713
6716
6741
6747
6748
6750
6752
6754
6756
6760
6768
6774
6779
6781
6785
6787
6797
6802
6804
6814
6815
6816
6818
6820
6821
6828
6834
6835
6836
6838
6843
6848
6850
6858
6859
6862
6867
6870
6872
6875
6876
6879
6886
6899
6907
6908
6910
6916
6920
6922
6924
6927
6931
6935
6937
6943
6945
6947
6950
6953
6957
6960
6961
6971
6973
6980
6981
6991
6992
6997
6998
7005
7006
7010
7012
7024
7042
7047
7056
7060
7061
7065
7068
7069
7082
7083
7089
7090
7093
7094
7097
7100
7105
7109
7116
7117
7118
7133
7139
7140
7149
7150
7151
7155
7157
7158
7159
7165
7178
7186
7187
7189
7191
7192
7198
7199
7203
7206
7207
7208
7212
7213
7216
7217
7219
7221
7227
7230
7233
7239
7240
7241
7242
7243
7244
7245
7246
7247
7248
7249
7254
7257
7258
7262
7269
7273
7274
7276
7277
7278
7282
7288
7291
7292
7293
7294
7297
7298
7299
7306
7309
7314
7316
7317
7318
7321
7322
7324
7325
7326
7327
7337
7338
7343
7344
7346
7350
7351
7352
7355
7358
7359
7362
7363
7364
7366
7367
7369
7378
7380
7383
7385
7387
7388
7389
7390
7391
7395
7396
7397
7399
7401
7405
7406
7409
7410
7411
7412
7413
7414
7418
7420
7421
7424
7425
7427
7428
7433
7435
7436
7438
7439
7440
7442
7444
7445
7447
7450
7451
7452
7454
7455
7458
7459
7460
7461
7464
7470
7473
7474
7477
7481
7482
7483
7484
7485
7486
7490
7494
7497
7499
7502
7503
7507
7508
7509
7511
7512
7515
7516
7517
7521
7522
7523
7526
7528
7531
7533
7534
7536
7539
7540
7543
7546
7548
7550
7554
7557
7559
7560
7561
7562
7567
7570
7572
7573
7574
7575
7582
7583
7584
7586
7591
7592
7593
7594
7596
7597
7603
7604
7605
7606
7614
7617
7621
7626
7628
7629
7630
7632
7633
7635
7638
7639
7640
7642
7643
7644
7645
7649
7651
7652
7653
7658
7659
7660
7661
7662
7663
7664
7665
7666
7667
7670
7671
7672
7673
7674
7677
7683
7688
7699
7703
7706
7707
7713
7714
7717
7718
7720
7721
7723
7724
7728
7729
7732
7733
7741
7747
7748
7749
7751
7755
7756
7762
7765
7766
7773
7774
7776
7777
7778
7781
7782
7784
7785
7786
7791
7793
7794
7796
7799
7800
7801
7803
7805
7809
7810
7811
7813
7816
7818
7819
7820
7823
7824
7825
7826
7827
7830
7832
7837
7839
7842
7844
7845
7846
7850
7856
7859
7861
7862
7863
7865
7866
7867
7868
7869
7879
7880
7884
7885
7886
7887
7889
7892
7893
7896
7898
7899
7906
7908
7909
7915
7918
7919
7921
7922
7923
7924
7925
7927
7928
7931
7934
7936
7938
7939
7940
7945
7949
7950
7951
7952
7954
7955
7957
7960
7963
7965
7969
7970
7975
7976
7977
7979
7980
7981
7982
7983
7985
7986
7988
7990
7993
7995
7997
7998
8001
8003
8008
8009
8013
8014
8015
8017
8018
8021
8022
8023
8024
8025
8026
8028
8030
8034
8035
8038
8040
8042
8050
8053
8056
8057
8058
8062
8063
8064
8066
8067
8068
8070
8072
8073
8076
8077
8078
8079
8080
8081
8084
8085
8088
8092
8093
8094
8095
8096
8100
8101
8104
8105
8106
8107
8108
8110
8111
8112
8114
8115
8118
8120
8121
8122
8125
8126
8127
8128
8129
8130
8131
8132
8133
8134
8136
8137
8138
8142
8143
8147
8148
8153
8154
8156
8157
8158
8159
8160
8164
8166
8170
8171
8173
8174
8175
8176
8177
8178
8180
8183
8184
8189
8192
8196
8199
8200
8201
8206
8212
8213
8215
8216
8217
8226
8227
8228
8229
8231
8233
8234
8235
8237
8238
8240
8241
8242
8243
8244
8245
8246
8247
8250
8251
8252
8256
8258
8260
8261
8262
8264
8269
8270
8271
8276
8279
8280
8284
8285
8287
8290
8291
8292
8293
8297
8299
8301
8303
8305
8306
8307
8308
8309
8310
8315
8319
8322
8323
8325
8328
8331
8332
8336
8337
8338
8341
8342
8343
8344
8346
8349
8350
8351
8352
8354
8357
8358
8359
8361
8362
8363
8365
8372
8373
8374
8378
8381
8382
8384
8385
8387
8388
8389
8390
8392
8393
8394
8397
8400
8401
8402
8404
8407
8408
8410
8411
8414
8416
8417
8423
8425
8426
8427
8428
8429
8430
8434
8435
8438
8440
8443
8445
8446
8448
8449
8451
8452
8453
8454
8455
8456
8460
8461
8462
8466
8468
8469
8471
8472
8475
8477
8478
8479
8481
8482
8487
8490
8492
8493
8494
8496
8498
8501
8509
8510
8512
8514
8515
8516
8517
8518
8519
8521
8522
8528
8529
8530
8531
8534
8535
8537
8539
8540
8544
8545
8548
8549
8553
8555
8556
8558
8560
8561
8562
8563
8566
8568
8570
8572
8573
8574
8575
8579
8581
8584
8588
8591
8592
8594
8596
8597
8600
8603
8605
8606
8609
8610
8611
8612
8614
8615
8618
8619
8620
8621
8622
8623
8624
8628
8629
8630
8631
8632
8633
8634
8635
8636
8639
8641
8643
8645
8646
8648
8649
8652
8653
8654
8656
8658
8662
8664
8665
8666
8667
8671
8674
8676
8678
8679
8683
8686
8690
8691
8692
8696
8697
8699
8700
8701
8702
8706
8707
8709
8710
8711
8714
8716
8720
8721
8726
8727
8728
8731
8734
8735
8740
8745
8749
8752
8753
8754
8759
8760
8763
8764
8766
8769
8771
8775
8776
8780
8783
8785
8790
8792
8795
8797
8798
8802
8803
8804
8805
8809
8810
8813
8814
8815
8816
8817
8820
8822
8824
8825
8826
8829
8831
8832
8834
8837
8838
8839
8841
8842
8843
8844
8845
8846
8847
8848
8849
8850
8853
8854
8856
8858
8862
8863
8865
8866
8868
8870
8871
8873
8874
8875
8876
8877
8878
8879
8882
8885
8887
8888
8889
8890
8895
8896
8898
8902
8905
8907
8908
8909
8912
8913
8914
8915
8917
8918
8919
8920
8922
8926
8927
8928
8930
8932
8933
8934
8935
8937
8939
8940
8941
8942
8945
8948
8949
8950
8951
8952
8954
8955
8956
8957
8961
8962
8966
8967
8968
8970
8972
8974
8975
8976
8978
8980
8981
8984
8986
8987
8991
8994
8995
8996
8997
9000
9002
9004
9005
9006
9007
9010
9011
9013
9015
9020
9021
9022
9024
9027
9028
9029
9030
9032
9034
9035
9036
9037
9038
9039
9040
9044
9045
9046
9050
9052
9053
9055
9056
9057
9058
9059
9061
9062
9063
9065
9067
9068
9069
9070
9072
9073
9081
9082
9084
9087
9088
9089
9090
9093
9095
9097
9098
9099
9102
9104
9108
9109
9111
9114
9115
9116
9117
9121
9123
9125
9127
9128
9129
9130
9136
9140
9141
9142
9147
9148
9149
9150
9151
9153
9154
9155
9158
9159
9160
9161
9162
9163
9165
9167
9168
9170
9172
9174
9176
9177
9180
9182
9185
9188
9189
9191
9192
9193
9194
9196
9199
9201
9203
9208
9209
9210
9213
9218
9221
9222
9223
9224
9226
9227
9231
9232
9233
9236
9238
9240
9243
9249
9250
9251
9253
9254
9261
9262
9263
9266
9269
9272
9273
9274
9277
9279
9283
9284
9285
9287
9289
9292
9293
9295
9296
9298
9300
9301
9303
9305
9306
9307
9310
9311
9313
9315
9318
9320
9321
9322
9326
9327
9329
9333
9334
9335
9336
9337
9338
9341
9343
9345
9349
9350
9355
9356
9357
9359
9360
9361
9364
9366
9367
9368
9370
9371
9374
9376
9378
9379
9381
9384
9385
9387
9390
9391
9395
9396
9398
9400
9401
9403
9404
9409
9410
9412
9417
9418
9419
9420
9423
9424
9425
9426
9427
9428
9430
9431
9433
9435
9437
9438
9439
9441
9443
9444
9446
9447
9448
9450
9453
9455
9457
9458
9461
9464
9466
9467
9471
9472
9473
9475
9478
9482
9483
9484
9491
9494
9496
9498
9499
9500
9501
9502
9503
9504
9505
9507
9508
9509
9510
9512
9514
9515
9516
9517
9518
9519
9521
9522
9523
9526
9530
9531
9533
9534
9536
9537
9538
9541
9542
9543
9548
9551
9553
9554
9555
9558
9560
9561
9562
9563
9565
9566
9567
9570
9571
9573
9576
9577
9578
9581
9582
9586
9588
9589
9592
9594
9595
9597
9598
9599
9601
9602
9603
9606
9607
9613
9617
9618
9619
9620
9622
9624
9630
9631
9632
9633
9635
9640
9641
9642
9643
9646
9647
9649
9650
9651
9653
9654
9655
9656
9661
9662
9663
9667
9668
9672
9675
9679
9683
9685
9687
9692
9694
9696
9697
9700
9703
9706
9711
9712
9714
9717
9720
9726
9728
9730
9731
9732
9735
9738
9739
9741
9745
9746
9747
9749
9752
9754
9756
9761
9762
9764
9765
9766
9767
9768
9769
9770
9772
9774
9776
9778
9782
9783
9787
9788
9789
9792
9793
9794
9795
9797
9798
9800
9802
9806
9808
9809
9813
9815
9816
9817
9818
9820
9821
9822
9824
9825
9828
9830
9831
9833
9837
9838
9839
9840
9842
9844
9845
9847
9851
9852
9853
9857
9858
9863
9864
9865
9866
9870
9871
9872
9873
9877
9880
9881
9882
9886
9888
9889
9890
9894
9895
9896
9897
9898
9899
9901
9904
9905
9906
9909
9910
9912
9914
9915
9916
9917
9921
9922
9924
9926
9927
9928
9929
9930
9931
9933
9936
9938
9941
9942
9944
9948
9949
9951
9952
9954
9957
9958
9960
9962
9966
9967
9970
9971
9972
9973
9974
9976
9984
9985
9986
9987
9988
9991
9994
9995
9996
10003
10004
10005
10006
10009
10010
10011
10015
10017
10018
10024
10028
10029
10030
10033
10034
10036
10037
10039
10043
10044
10046
10047
10048
10051
10053
10054
10055
10056
10059
10061
10062
10068
10069
10070
10071
10072
10073
10075
10076
10077
10078
10079
10080
10084
10085
10086
10096
10098
10099
10100
10102
10103
10104
10105
10106
10107
10108
10109
10110
10112
10114
10116
10117
10119
10120
10122
10123
10124
10126
10127
10130
10131
10132
10133
10137
10139
10144
10146
10148
10149
10151
10153
10154
10155
10156
10160
10161
10164
10165
10168
10173
10174
10176
10178
10179
10180
10182
10183
10185
10187
10189
10190
10194
10195
10200
10202
10204
10206
10207
10208
10210
10211
10212
10213
10214
10216
10217
10220
10222
10224
10225
10226
10229
10231
10234
10235
10237
10238
10239
10240
10243
10246
10251
10253
10255
10260
10263
10264
10268
10270
10272
10273
10275
10276
10278
10279
10280
10282
10284
10285
10286
10287
10289
10290
10291
10292
10293
10296
10297
10301
10302
10308
10309
10310
10312
10313
10314
10315
10317
10318
10321
10325
10327
10328
10340
10343
10344
10346
10352
10354
10355
10357
10358
10360
10361
10363
10365
10367
10368
10369
10370
10372
10373
10374
10375
10377
10380
10382
10384
10387
10389
10393
10396
10397
10398
10400
10403
10404
10406
10409
10413
10417
10420
10421
10425
10426
10430
10431
10433
10437
10442
10443
10447
10448
10449
10453
10454
10462
10473
10474
10475
10476
10477
10481
10482
10483
10485
10486
10487
10489
10491
10495
10496
10501
10504
10505
10506
10508
10509
10512
10513
10515
10516
10518
10522
10524
10525
10529
10531
10532
10533
10534
10539
10541
10543
10544
10548
10550
10551
10560
10562
10565
10568
10571
10576
10578
10582
10584
10585
10586
10588
10590
10591
10592
10594
10595
10597
10598
10599
10603
10604
10605
10606
10607
10608
10609
10612
10613
10615
10620
10621
10622
10623
10624
10626
10627
10628
10632
10633
10638
10641
10642
10647
10648
10649
10650
10651
10656
10658
10659
10660
10662
10663
10664
10665
10667
10669
10670
10673
10676
10678
10679
10680
10681
10683
10684
10685
10687
10689
10695
10696
10698
10699
10700
10702
10703
10705
10706
10707
10708
10710
10711
10712
10713
10714
10715
10716
10717
10719
10720
10721
10723
10724
10725
10726
10728
10730
10731
10733
10740
10741
10743
10744
10745
10746
10754
10755
10756
10757
10758
10759
10761
10762
10764
10765
10768
10770
10771
10772
10773
10774
10778
10779
10781
10782
10787
10791
10792
10795
10799
10801
10802
10804
10807
10808
10809
10810
10813
10814
10817
10819
10820
10821
10822
10823
10825
10827
10828
10829
10830
10833
10834
10835
10837
10840
10841
10842
10843
10845
10846
10848
10853
10854
10855
10856
10858
10859
10861
10869
10873
10874
10875
10877
10883
10884
10889
10895
10898
10899
10902
10905
10907
10909
10910
10911
10912
10918
10919
10920
10921
10922
10926
10928
10929
10930
10934
10936
10940
10941
10942
10944
10945
10948
10949
10951
10955
10959
10966
10967
10968
10969
10971
10972
10974
10975
10978
10980
10984
10986
10987
10988
10990
10992
10993
10998
11001
11005
11006
11008
11009
11013
11014
11020
11023
11025
11026
11027
11030
11031
11034
11036
11039
11040
11042
11045
11048
11049
11052
11053
11055
11059
11061
11062
11063
11064
11065
11066
11067
11070
11072
11073
11076
11077
11078
11081
11085
11087
11090
11091
11092
11093
11094
11097
11098
11099
11101
11103
11104
11107
11112
11113
11116
11122
11123
11125
11126
11129
11133
11137
11138
11139
11140
11142
11145
11147
11150
11151
11154
11155
11161
11163
11166
11168
11169
11170
11171
11172
11173
11174
11177
11184
11185
11186
11187
11188
11193
11200
11202
11203
11204
11207
11208
11209
11210
11211
11213
11214
11216
11219
11220
11222
11223
11224
11227
11228
11229
11232
11236
11237
11238
11241
11242
11244
11245
11246
11247
11248
11249
11251
11253
11254
11256
11259
11260
11264
11265
11266
11269
11270
11275
11277
11279
11280
11283
11284
11285
11286
11287
11288
11289
11290
11292
11293
11294
11295
11297
11299
11300
11302
11303
11304
11305
11306
11307
11309
11311
11312
11314
11315
11317
11319
11320
11321
11322
11328
11331
11332
11337
11338
11339
11342
11343
11346
11347
11348
11349
11350
11351
11359
11360
11363
11366
11367
11368
11374
11375
11377
11380
11382
11384
11387
11389
11390
11393
11395
11397
11398
11401
11406
11407
11408
11409
11411
11415
11416
11419
11421
11422
11424
11426
11428
11429
11430
11431
11432
11433
11435
11436
11437
11439
11440
11441
11445
11446
11447
11448
11449
11450
11451
11452
11455
11456
11457
11458
11459
11461
11466
11467
11469
11470
11471
11473
11474
11475
11479
11481
11482
11483
11484
11485
11486
11489
11491
11492
11495
11497
11498
11500
11501
11505
11506
11507
11509
11510
11513
11515
11516
11517
11520
11526
11529
11530
11531
11532
11533
11535
11538
11545
11546
11548
11550
11551
11553
11558
11561
11563
11564
11565
11566
11567
11569
11570
11571
11572
11573
11574
11575
11577
11578
11579
11582
11583
11584
11588
11589
11590
11593
11595
11596
11597
11599
11600
11601
11603
11605
11607
11608
11611
11612
11613
11615
11616
11617
11618
11620
11621
11623
11628
11629
11632
11633
11635
11636
11639
11640
11641
11646
11647
11649
11650
11652
11653
11656
11658
11661
11662
11663
11666
11667
11668
11669
11670
11674
11678
11681
11683
11684
11687
11691
11693
11695
11696
11697
11701
11702
11704
11705
11706
11710
11711
11712
11717
11718
11719
11720
11723
11726
11729
11732
11733
11734
11738
11739
11743
11748
11750
11755
11757
11758
11763
11764
11767
11768
11769
11773
11774
11776
11786
11787
11788
11792
11793
11795
11797
11798
11799
11800
11801
11802
11804
11807
11808
11811
11814
11815
11819
11821
11823
11825
11827
11828
11830
11831
11832
11833
11836
11837
11838
11839
11840
11842
11843
11844
11847
11848
11849
11852
11853
11854
11857
11861
11863
11864
11865
11866
11868
11869
11870
11873
11878
11879
11881
11883
11889
11890
11892
11893
11895
11896
11897
11898
11905
11906
11907
11910
11911
11912
11916
11917
11918
11919
11920
11923
11924
11926
11927
11929
11930
11932
11933
11934
11936
11937
11939
11941
11942
11944
11945
11949
11952
11956
11959
11963
11964
11968
11969
11973
11974
11976
11977
11979
11980
11982
11990
11991
11992
11995
11997
11998
11999
12001
12003
12004
12005
12009
12010
12011
12014
12021
12026
12027
12033
12036
12037
12039
12040
12043
12045
12046
12047
12048
12049
12050
12051
12052
12053
12054
12055
12057
12059
12063
12065
12069
12070
12071
12073
12074
12075
12078
12080
12082
12083
12085
12086
12088
12089
12091
12093
12094
12095
12096
12097
12098
12100
12101
12102
12103
12104
12105
12106
12109
12112
12116
12117
12119
12121
12122
12125
12126
12127
12128
12134
12136
12144
12149
12159
12162
12164
12166
12171
12172
12175
12177
12182
12183
12188
12192
12195
12196
12198
12200
12201
12203
12204
12206
12207
12210
12212
12213
12217
12219
12222
12224
12225
12226
12227
12229
12230
12231
12232
12234
12241
12243
12245
12248
12252
12253
12256
12261
12263
12264
12266
12267
12268
12269
12270
12271
12273
12274
12275
12276
12279
12281
12286
12293
12294
12298
12299
12300
12301
12304
12306
12307
12312
12315
12316
12318
12319
12320
12322
12323
12328
12329
12330
12331
12332
12334
12338
12340
12345
12346
12347
12352
12356
12358
12360
12361
12364
12366
12367
12374
12375
12376
12378
12381
12390
12392
12393
12395
12402
12403
12404
12406
12407
12408
12410
12411
12414
12416
12418
12420
12422
12423
12424
12425
12427
12429
12431
12433
12435
12440
12442
12443
12444
12448
12449
12450
12452
12455
12457
12459
12460
12461
12465
12466
12469
12471
12472
12473
12475
12481
12484
12485
12486
12490
12491
12492
12494
12495
12499
12504
12505
12508
12509
12514
12515
12516
12517
12520
12522
12523
12524
12525
12528
12533
12534
12535
12536
12540
12541
12542
12543
12544
12552
12553
12559
12561
12564
12568
12569
12571
12572
12573
12578
12579
12580
12581
12584
12585
12590
12592
12594
12601
12607
12609
12613
12614
12616
12617
12619
12622
12623
12630
12631
12632
12634
12636
12641
12642
12654
12657
12659
12664
12667
12668
12670
12672
12674
12676
12680
12683
12684
12685
12686
12687
12689
12691
12695
12696
12697
12698
12700
12706
12707
12708
12710
12713
12715
12718
12720
12722
12723
12724
12725
12728
12729
12730
12731
12732
12733
12734
12736
12737
12738
12739
12741
12743
12744
12745
12746
12750
12754
12755
12759
12767
12771
12774
12776
12778
12779
12781
12785
12787
12789
12793
12794
12795
12797
12798
12799
12801
12803
12804
12805
12807
12812
12814
12816
12818
12819
12820
12821
12822
12824
12825
12832
12834
12837
12842
12847
12848
12850
12851
12853
12854
12856
12857
12860
12865
12868
12869
12870
12873
12874
12876
12878
12881
12882
12890
12892
12893
12895
12901
12902
12903
12904
12907
12908
12914
12920
12924
12926
12928
12929
12931
12932
12935
12936
12938
12942
12944
12949
12956
12957
12959
12960
12963
12964
12969
12970
12971
12972
12975
12976
12977
12985
12988
12991
12992
12993
12995
12997
12998
12999
13000
13001
13002
13003
13005
13006
13007
13008
13009
13015
13018
13019
13022
13024
13026
13028
13031
13033
13034
13036
13038
13039
13041
13043
13046
13047
13052
13054
13057
13058
13062
13066
13067
13072
13074
13078
13080
13082
13090
13092
13099
13100
13102
13105
13106
13108
13111
13112
13114
13117
13118
13120
13121
13125
13127
13133
13134
13135
13137
13138
13143
13146
13147
13151
13152
13153
13154
13156
13159
13161
13162
13165
13167
13168
13176
13183
13194
13195
13197
13202
13206
13207
13210
13211
13212
13214
13222
13223
13228
13230
13236
13237
13239
13240
13242
13245
13249
13251
13291
13302
13311
13330
13349
13362
13388
13421
13463
13493
13503
13547
13565
13570
13574
13584
13612
13624
13654
13655
13683
13685
13729
13754
13773
13775
13806
13807
13810
13820
13827
13844
13852
13886
13945
13954
13964
13968
13983
14000
14036
14043
14052
14055
14061
14062
14084
14108
14110
14111
14113
14116
14117
14118
14121
14122
14124
14125
14126
14127
14128
14129
14130
14131
14133
14134
14135
14138
14140
14143
14145
14146
14150
14151
14155
14156
14157
14160
14163
14166
14167
14171
14172
14173
14174
14175
14176
14177
14180
14184
14188
14189
14190
14191
14194
14197
14202
14204
14205
14208
14209
14210
14225
14228
14229
14230
14237
14238
14239
14244
14247
14249
14251
14253
14254
14255
14257
14260
14268
14272
14279
14280
14282
14285
14286
14287
14289
14290
14293
14311
14314
14332
14334
14345
14376
14377
14380
14383
14384
14386
14397
14427
14428
14449
14452
14460
14468
14472
14482
14518
14519
14529
14549
14558
14562
14563
14575
14583
14586
14597
14598
14600
14601
14613
14618
14632
14638
14672
14675
14678
14684
14701
14708
14709
14713
14728
14744
14748
14762
14780
14787
14805
14821
14831
14846
14858
14871
14879
14899
14910
14916
14924
14939
14943
14958
14974
14978
14988
14995
15012
15016
15019
15025
15031
15037
15058
15088
15090
15095
15119
15140
15141
15146
15156
15168
15196
15202
15221
15267
15271
15318
15333
15342
15349
15377
15400
15401
15410
15412
15414
15419
15424
15430
15433
15435
15436
15440
15441
15442
15450
15452
15481
15484
15494
15495
15501
15511
15555
15558
15560
15562
15583
15586
15591
15596
15601
15603
15604
15607
15610
15619
15635
15638
15639
15642
15643
15655
15668
15687
15690
15741
15760
15767
15772
15773
15775
15776
15777
15778
15779
15780
15781
15782
15783
15796
15797
15843
15848
15849
15850
15852
15854
15855
15856
15859
15866
15872
15874
15880
15882
15885
15886
15889
15890
15894
15895
15903
15904
15906
15927
15931
15945
15988
15994
16012
16014
16023
16043
16059
16062
16081
16092
16120
16121
16155
16173
16195
16212
16228
16234
16268
16281
16284
16286
16293
16297
16299
16301
16303
16304
16305
16310
16311
16314
16316
16317
16318
16320
16321
16322
16323
16324
16325
16327
16328
16330
16331
16336
16339
16341
16342
16343
16344
16346
16347
16348
16350
16352
16364
16365
16367
16371
16374
16375
16376
16385
16392
16393
16396
16402
16406
16408
16410
16453
16454
16501
16513
16531
16584
16600
16635
16662
16751
16780
16782
16796
16802
16811
16813
16855
16890
16917
16932
16934
16936
16937
16939
16941
16943
16944
16946
16948
16951
16952
16953
16954
16955
16964
16966
16977
16982
16987
16988
16989
16992
16993
16996
16997
16998
17000
17001
17005
17006
17009
17011
17013
17019
17023
17027
17028
17030
17032
17035
17038
17039
17041
17045
17046
17048
17055
17056
17057
17058
17059
17061
17063
17066
17067
17070
17076
17077
17079
17081
17083
17084
17089
17098
17102
17103
17107
17109
17112
17117
17120
17122
17123
17129
17130
17131
17132
17135
17136
17140
17141
17142
17144
17145
17152
17155
17517
17518
17523
17526
17529
17533
17535
17541
17543
17544
17546
17547
17548
17549
17551
17555
17556
17559
17561
17562
17563
17566
17568
17569
17570
17571
17572
17576
17580
17582
17584
17592
17595
17597
17604
17609
17610
17613
17617
17618
17621
17623
17629
17633
17634
17644
17647
17649
17652
17653
17654
17656
17666
17674
17675
17678
17680
17682
17683
17684
17686
17687
17690
17691
17692
17696
17697
17699
17700
17701
17702
17705
17706
17710
17712
17713
17716
17721
17722
17728
17731
17732
17734
17737
17738
17762
17764
17780
17782
17786
17788
17792
17795
17796
17798
17799
17800
17802
17803
17805
17810
17812
17817
17819
17821
17823
17827
17828
17839
17840
17889
17893
17900
17918
17926
17964
17995
18000
18013
18021
18028
18036
18102
18123
18139
18142
18153
18155
18156
18157
18159
18162
18163
18169
18172
18180
18183
18184
18186
18192
18194
18197
18199
18203
18206
18209
18210
18212
18213
18215
18218
18221
18222
18223
18226
18229
18235
18237
18241
18256
18257
18259
18262
18264
18269
18272
18276
18278
18279
18282
18287
18291
18293
18301
18302
18303
18304
18308
18309
18312
18313
18315
18320
18333
18337
18342
18346
18347
18348
18350
18361
18364
18365
18366
18368
18369
18370
18371
18372
18377
18379
18384
18386
18390
18393
18404
18405
18407
18409
18413
18414
18417
18420
18421
18422
18425
18426
18429
18431
18433
18435
18437
18439
18444
18447
18450
18457
18461
18462
18464
18465
18466
18467
18469
18485
18487
18488
18492
18529
18532
18537
18538
18542
18543
18546
18548
18551
18555
18556
18561
18580
18581
18582
18584
18590
18594
18603
18605
18607
18611
18612
18614
18615
18617
18628
18641
18642
18643
18646
18648
18649
18651
18654
18657
18662
18664
18670
18677
18678
18683
18688
18690
18692
18695
18696
18698
18701
18706
18713
18714
18716
18717
18721
18728
18736
18739
18744
18745
18748
18749
18755
18759
18762
18765
18766
18773
18778
18780
18789
18790
18792
18793
18797
18804
18806
18817
18819
18820
18821
18822
18827
18829
18833
18834
18835
18846
18858
18859
18866
18867
18868
18869
18871
18875
18879
18882
18887
18889
18897
18898
18902
18903
18907
18912
18916
18920
18927
18935
18937
18938
18939
18941
18942
18946
18948
18949
18950
18951
18952
18953
18956
18957
18958
18967
18970
18975
18981
18982
18983
18986
18990
18991
18998
19002
19013
19024
19025
19028
19034
19035
19036
19038
19046
19056
19058
19062
19063
19064
19065
19067
19076
19093
19115
19123
19127
19128
19155
19166
19167
19173
19180
19182
19183
19195
19198
19202
19210
19221
19231
19233
19234
19235
19241
19243
19251
19256
19259
19263
19268
19271
19272
19274
19280
19287
19298
19330
19334
19364
19365
19366
19370
19371
19378
19381
19382
19395
19407
19432
19435
19442
19471
19472
19476
19480
19481
19482
19484
19490
19495
19504
19509
19521
19524
19526
19527
19529
19544
19546
19560
19567
19575
19589
19596
19598
19600
19617
19625
19635
19641
19642
19648
19662
19671
19687
19697
19716
19746
19773
19774
19782
19783
19792
19803
19815
19818
19823
19827
19837
19853
19879
19922
19923
19936
19938
19940
19943
19952
19960
20002
20046
20057
20058
20060
20063
20064
20065
20077
20078
20086
20088
20090
20091
20092
20097
20099
20100
20101
20103
20104
20108
20119
20123
20125
20128
20132
20135
20137
20138
20147
20148
20152
20155
20165
20166
20167
20170
20171
20179
20182
20183
20184
20185
20186
20187
20188
20189
20191
20196
20215
20217
20218
20219
20221
20223
20224
20225
20226
20227
20229
20230
20233
20235
20240
20242
20243
20244
20247
20248
20249
20251
20253
20255
20256
20260
20261
20262
20263
20283
20285
20286
20287
20288
20312
20318
20319
20320
20322
20327
20329
20330
20331
20332
20333
20335
20342
20343
20347
20350
20352
20353
20357
20359
20361
20362
20363
20364
20367
20372
20373
20377
20378
20386
20388
20391
20393
20396
20399
20403
20410
20412
20413
20419
20420
20422
20423
20424
20425
20429
20432
20435
20437
20438
20444
20445
20446
20453
20457
20458
20461
20463
20471
20474
20477
20479
20480
20482
20485
20489
20490
20494
20500
20508
20510
20511
20512
20514
20515
20516
20517
20518
20520
20521
20523
20532
20533
20538
20539
20540
20549
20553
20558
20559
20560
20562
20563
20568
20569
20574
20576
20579
20581
20582
20584
20589
20590
20595
20602
20616
20621
20623
20626
20628
20629
20632
20637
20652
20654
20655
20658
20659
20660
20661
20662
20665
20670
20671
20679
20680
20681
20684
20685
20690
20691
20692
20693
20695
20696
20698
20700
20701
20704
20708
20709
20711
20712
20714
20715
20716
20718
20719
20720
20721
20722
20724
20729
20737
20739
20742
20744
20748
20750
20751
20789
20791
20793
20794
20796
20798
20802
20803
20807
20811
20824
20827
20829
20830
20832
20839
20842
20844
20847
20851
20856
20857
20860
20861
20865
20867
20868
20870
20874
20879
20881
20882
20883
20885
20888
20889
20897
20898
20900
20901
20902
20906
20909
20910
20911
20915
20916
20920
20922
20926
20927
20928
20929
20930
20931
20933
20935
20936
20938
20939
20940
20941
20949
20952
20956
20957
20966
20968
20969
20970
20972
20973
20976
20979
20983
20987
20994
20999
21002
21004
21005
21008
21009
21010
21013
21014
21020
21021
21022
21026
21027
21030
21033
21034
21035
21036
21040
21041
21043
21045
21047
21051
21053
21055
21056
21058
21061
21063
21064
21067
21068
21069
21072
21073
21074
21081
21083
21084
21085
21091
21094
21097
21120
21123
21124
21129
21130
21132
21136
21145
21146
21148
21149
21150
21153
21155
21158
21163
21164
21165
21166
21167
21168
21169
21170
21173
21175
21177
21182
21183
21187
21191
21193
21196
21197
21202
21207
21214
21215
21216
21218
21220
21221
21222
21223
21228
21230
21231
21234
21240
21241
21243
21244
21247
21249
21250
21252
21263
21265
21267
21268
21269
21274
21276
21280
21282
21286
21289
21290
21295
21296
21304
21312
21314
21317
21318
21321
21322
21324
21327
21328
21330
21331
21333
21334
21341
21353
21355
21360
21361
21362
21366
21371
21373
21375
21378
21381
21383
21385
21389
21392
21397
21398
21401
21404
21408
21411
21412
21413
21414
21416
21417
21419
21428
21477
21542
21558
21564
21600
21610
21620
21644
21661
21719
21744
21821
21848
21853
21858
21905
21915
21924
21941
21950
21972
22002
22046
22068
22082
22125
22211
22217
22219
22223
22239
22278
22334
22337
22370
22397
22398
22400
22401
22409
22410
22411
22412
22416
22419
22421
22422
22423
22426
22430
22436
22438
22443
22444
22453
22456
22461
22462
22465
22468
22472
22475
22476
22494
22495
22500
22507
22515
22516
22519
22520
22522
22525
22526
22527
22528
22529
22530
22531
22542
22544
22548
22551
22558
22559
22560
22561
22566
22568
22570
22574
22575
22589
22604
22609
22610
22614
22627
22628
22630
22631
22648
22649
22650
22651
22659
22663
22664
22669
22672
22673
22674
22681
22682
22684
22685
22686
22689
22693
22695
22696
22702
22704
22705
22710
22712
22716
22724
22725
22726
22738
22739
22740
22742
22747
22748
22752
22753
22758
22759
22775
22782
22783
22784
22785
22790
22798
22799
22800
22806
22807
22808
22810
22811
22817
22823
22824
22825
22827
22828
22830
22835
22836
22837
22838
22840
22844
22848
22851
22853
22855
22857
22858
22860
22861
22865
22866
22867
22869
22870
22873
22876
22877
22878
22880
22888
22889
22894
22898
22899
22902
22904
22906
22907
22910
22913
22925
22931
22933
22935
22936
22941
22942
22943
22946
22951
22952
22953
22954
22955
22964
22968
22969
22976
22978
22983
22991
22992
22993
22994
22995
22996
22999
23001
23004
23008
23015
23019
23024
23029
23032
23033
23036
23040
23042
23043
23047
23048
23052
23053
23056
23057
23059
23060
23062
23064
23067
23068
23069
23070
23076
23080
23082
23087
23088
23089
23095
23099
23101
23106
23110
23111
23112
23116
23117
23118
23120
23121
23123
23125
23129
23130
23132
23133
23137
23141
23148
23149
23150
23158
23162
23165
23168
23179
23182
23184
23186
23191
23198
23200
23201
23209
23217
23219
23226
23228
23233
23243
23244
23246
23249
23251
23253
23264
23266
23273
23275
23277
23286
23287
23292
23303
23311
23313
23317
23320
23324
23328
23331
23336
23340
23343
23344
23349
23359
23360
23361
23363
23366
23369
23377
23378
23383
23384
23385
23386
23389
23391
23393
23394
23395
23404
23409
23411
23420
23421
23429
23430
23435
23439
23450
23454
23455
23459
23460
23461
23464
23465
23468
23472
23477
23480
23484
23485
23487
23489
23493
23509
23514
23516
23520
23522
23528
23529
23531
23546
23547
23553
23566
23569
23580
23582
23585
23595
23598
23600
23617
23629
23632
23634
23642
23648
23662
23665
23672
23682
23692
23700
23703
23708
23710
23713
23717
23734
23742
23744
23749
23754
23766
23771
23778
23779
23784
23789
23813
23814
23924
24122
24255
24321
24376
24504
24678
24912
24914
24916
24917
24918
24919
24933
24934
24938
24941
24944
24945
24990
24993
25007
25090
25103
25107
25175
25235
25256
25260
25279
25281
25286
25315
25324
25444
25521
25536
25627
25661
25712
25798
25873
25876
25877
26078
26079
26080
26090
26151
26174
26175
26177
26419
26426
26429
26430
26431
26432
26435
26544
26615
26645
26696
26698
26700
26701
26702
26703
26714
26722
26724
26727
26807
26894
27006
27024
27027
27031
27040
27041
27044
27056
27059
27066
27069
27072
27075
27079
27083
27084
27085
27088
27092
27095
27098
27354
27358
27362
27367
27376
27392
27395
27396
27398
27406
27409
27420
27469
27540
27544
27547
27550
27612
27616
27775
27781
27795
27798
27800
27805
27821
27827
27832
27834
27844
27849
27852
27862
27863
27867
27875
27876
27877
27885
27888
27890
27907
27936
27942
27952
27953
27982
27985
28013
28039
28044
28061
28097
28098
28106
28173
28227
28235
28246
28254
28255
28264
28266
28270
28276
28281
28295
28332
28378
28384
28386
28490
28494
28526
28546
28580
28583
28613
28624
28658
28697
28701
28743
29534
29582
30136
30189
30948
30950
30951
30952
30953
30957
30958
30960
30961
30964
30967
30970
30972
30980
30987
30992
30994
30997
30998
30999
31000
31001
31013
31015
31016
31023
31024
31035
31036
31038
31039
31040
31043
31046
31052
31056
31061
31065
31070
31074
31075
31078
31080
31081
31086
31087
31088
31089
31092
31093
31094
31097
31098
31103
31105
31106
31114
31115
31118
31119
31121
31124
31125
31129
31130
31132
31133
31135
31137
31139
31140
31141
31142
31144
31145
31147
31150
31152
31159
31161
31164
31165
31166
31181
31183
31185
31187
31190
31194
31196
31199
31200
31202
31203
31205
31206
31207
31208
31212
31213
31215
31216
31219
31223
31227
31228
31231
31232
31233
31234
31239
31245
31247
31249
31250
31251
31252
31253
31254
31255
31257
31258
31259
31262
31263
31265
31266
31267
31269
31270
31272
31275
31279
31281
31286
31289
31292
31293
31294
31297
31301
31303
31310
31311
31314
31315
31318
31330
31331
31334
31336
31337
31339
31343
31346
31347
31353
31358
31360
31361
31363
31368
31369
31370
31375
31376
31378
31379
31382
31383
31384
31386
31387
31389
31392
31395
31399
31400
31401
31402
31403
31404
31406
31409
31412
31420
31421
31425
31426
31428
31430
31432
31434
31471
31475
31513
31525
31574
31656
31662
31675
31683
31761
31777
31779
31881
31909
31924
31942
31955
31978
31983
31984
31996
32011
32015
32016
32020
32022
32030
32032
32036
32039
32040
32046
32049
32050
32051
32052
32054
32055
32062
32064
32067
32075
32076
32078
32079
32084
32085
32089
32093
32094
32095
32109
32110
32114
32117
32118
32119
32121
32122
32123
32124
32132
32138
32140
32141
32142
32143
32144
32146
32150
32151
32153
32155
32157
32160
32167
32171
32172
32173
32175
32180
32193
32194
32195
32196
32197
32199
32200
32202
32203
32205
32208
32209
32210
32211
32212
32215
32221
32227
32232
32233
32235
32236
32237
32238
32243
32244
32246
32249
32251
32254
32256
32257
32258
32260
32263
32264
32265
32269
32274
32275
32278
32283
32286
32288
32289
32293
32294
32297
32299
32300
32301
32302
32304
32306
32307
32308
32309
32310
32311
32313
32315
32316
32317
32318
32319
32320
32330
32331
32333
32336
32339
32340
32344
32345
32346
32348
32349
32350
32351
32355
32361
32365
32367
32368
32369
32372
32373
32374
32376
32377
32379
32380
32381
32383
32385
32386
32387
32388
32391
32392
32393
32395
32396
32399
32402
32405
32408
32409
32414
32417
32422
32423
32425
32426
32427
32428
32429
32430
32433
32434
32436
32438
32439
32440
32441
32442
32443
32444
32447
32448
32452
32456
32457
32463
32465
32466
32467
32469
32473
32474
32475
32477
32481
32484
32485
32487
32488
32490
32491
32492
32493
32494
32495
32496
32503
32506
32507
32509
32510
32513
32514
32517
32520
32521
32523
32526
32527
32531
32532
32534
32535
32536
32538
32540
32543
32544
32545
32546
32547
32548
32549
32550
32551
32553
32554
32562
32564
32565
32566
32567
32570
32572
32573
32574
32575
32576
32577
32579
32580
32581
32582
32584
32586
32588
32589
32590
32594
32596
32598
32599
32601
32604
32605
32607
32608
32609
32610
32615
32616
32618
32623
32625
32630
32633
32635
32636
32637
32639
32642
32644
32646
32647
32648
32649
32650
32652
32655
32658
32659
32661
32665
32666
32668
32669
32671
32672
32675
32678
32679
32680
32684
32693
32695
32697
32700
32701
32702
32705
32706
32708
32711
32718
32720
32722
32726
32729
32731
32740
32741
32746
32752
32754
32756
32760
32762
32763
32764
32769
32770
32771
32772
32774
32776
32779
32780
32781
32787
32789
32790
32791
32792
32794
32795
32796
32799
32802
32816
32819
32904
32919
32936
32963
33129
33158
33161
33167
33228
33303
33332
33431
33436
33447
33470
33472
33473
33474
33475
33482
33540
33552
33586
33597
33614
33615
33641
33650
33783
33907
34068
34076
34130
34134
34137
34139
34248
34254
34290
34298
34300
34313
34318
34364
34378
34495
34502
34521
34523
34525
34526
34534
34562
34582
34602
34623
34661
34675
34695
34700
34701
34702
34706
34708
34709
34710
34714
34715
34718
34730
34786
34797
34805
34825
34835
34921
34926
34935
34938
34954
34980
34981
34983
34984
34989
34991
34992
34993
34999
35064
35065
35098
35106
35136
35221
35234
35238
35239
35243
35248
35258
35262
35268
35272
35276
35279
35284
35303
35305
35308
35309
35315
35317
35319
35328
35333
35335
35347
35357
35359
35367
35370
35373
35374
35378
35389
35390
35394
35401
35407
35410
35412
35415
35416
35420
35425
35459
35462
35470
35472
35476
35477
35491
35507
35527
35606
35979
36018
36025
36040
36056
36058
36061
36063
36065
36075
36081
36082
36085
36098
36099
36108
36115
36142
36144
36149
36151
36154
36159
36160
36163
36169
36170
36174
36176
36178
36179
36183
36193
36195
36199
36200
36201
36205
36206
36269
36273
36278
36302
36304
36308
36315
36321
36322
36323
36325
36327
36328
36341
36344
36349
36361
36363
36367
36371
36383
36386
36388
36389
36392
36393
36397
36398
36399
36400
36403
36404
36410
36411
36415
36420
36421
36422
36424
36427
36436
36437
36441
36455
36458
36463
36472
36473
36477
36483
36487
36493
36501
36635
36819
36822
36864
36891
36929
36931
36932
36977
37020
37077
37089
37096
37106
37110
37121
37122
37124
37125
37159
37248
37250
37251
37255
37256
37258
37259
37263
37264
37265
37268
37271
37273
37277
37280
37281
37286
37289
37290
37293
37294
37296
37298
37302
37303
37306
37309
37310
37311
37314
37322
37327
37333
37347
37349
37351
37353
37354
37357
37358
37360
37364
37368
37369
37370
37371
37374
37376
37378
37388
37396
37401
37404
37408
37409
37416
37417
37420
37423
37426
37427
37436
37437
37443
37447
37453
37455
37457
37462
37464
37465
37477
37478
37480
37481
37482
37483
37486
37487
37490
37493
37494
37496
37497
37498
37507
37509
37510
37514
37518
37520
37521
37524
37525
37526
37529
37530
37532
37533
37535
37536
37537
37538
37541
37548
37549
37550
37551
37552
37558
37559
37560
37561
37562
37563
37566
37567
37570
37573
37582
37585
37586
37592
37593
37595
37603
37604
37612
37614
37615
37618
37619
37620
37622
37623
37628
37629
37630
37631
37637
37638
37640
37642
37643
37644
37645
37647
37649
37650
37652
37653
37656
37658
37659
37660
37661
37664
37665
37666
37667
37670
37680
37686
37690
37691
37694
37696
37702
37704
37706
37707
37709
37710
37711
37713
37714
37715
37718
37719
37722
37723
37727
37728
37729
37730
37733
37736
37737
37738
37743
37744
37747
37748
37750
37752
37753
37757
37759
37763
37764
37765
37766
37767
37786
37788
37792
37822
37823
37824
37826
37827
37828
37830
37831
37832
37833
37836
37838
37839
37841
37842
37845
37846
37847
37848
37851
37852
37853
37854
37855
37856
37857
37858
37868
37872
37873
37874
37875
37878
37880
37882
37883
37884
37889
37894
37895
37897
37898
37900
37903
37906
37907
37911
37912
37914
37917
37921
37922
37923
37924
37925
37926
37927
37928
37931
37932
37933
37935
37940
37941
37942
37943
37945
37946
37952
37953
37954
37955
37956
37958
37959
37961
37963
37968
37969
37971
37972
37973
37974
37975
37976
37977
37978
37980
37982
37984
37985
37987
37988
37989
37990
37994
37995
37996
37998
37999
38007
38008
38009
38012
38015
38017
38020
38021
38026
38034
38035
38041
38043
38046
38049
38052
38053
38054
38055
38058
38061
38062
38066
38067
38075
38077
38080
38082
38083
38085
38087
38089
38092
38094
38095
38096
38097
38098
38099
38100
38108
38111
38112
38114
38120
38122
38123
38129
38137
38142
38143
38146
38148
38149
38150
38151
38155
38157
38160
38161
38164
38165
38166
38168
38169
38170
38171
38172
38176
38178
38180
38181
38182
38183
38185
38186
38187
38189
38195
38199
38200
38202
38203
38206
38211
38213
38216
38217
38218
38223
38227
38229
38230
38231
38233
38234
38235
38236
38239
38250
38251
38253
38254
38258
38259
38260
38261
38262
38263
38266
38268
38271
38274
38275
38276
38277
38284
38286
38287
38288
38289
38291
38295
38296
38298
38299
38313
38322
38347
38357
38373
38385
38387
38423
38436
38448
38476
38481
38551
38552
38639
38677
38685
38696
38734
38743
38751
38775
38779
38809
38810
38850
38863
38958
39048
39074
39079
39086
39087
39090
39141
39203
39206
39246
39250
39288
39294
39318
39323
39330
39343
39351
39421
39441
39452
39495
39531
39553
39574
39581
39585
39634
39642
39658
39689
39698
39729
39742
39746
39748
39749
39771
39772
39813
39824
39834
39870
39878
39879
39963
40009
40035
40049
40071
40088
40112
40185
40196
40232
40307
40362
40477
40481
40496
40499
40514
40537
40545
40573
40581
40583
40587
40594
40598
40606
40607
40613
40623
40632
40640
40641
40648
40654
40661
40668
40678
40681
40682
40684
40686
40690
40693
40695
40707
40710
40711
40713
40714
40715
40716
40720
40725
40726
40728
40729
40748
40754
40755
40764
40765
40767
40769
40774
40775
40785
40787
40790
40792
40795
40796
40802
40805
40806
40808
40809
40811
40812
40813
40815
40821
40822
40823
40825
40827
40828
40841
40842
40843
40845
40846
40847
40848
40849
40850
40858
40859
40860
40862
40863
40864
40865
40866
40867
40870
40873
40877
40879
40880
40881
40891
40893
40902
40903
40906
40914
40915
40917
40920
40924
40929
40931
40932
40934
40935
40937
40940
40942
40944
40945
40950
40953
40954
40956
40957
40959
40960
40962
40964
40966
40967
40968
40970
40971
40973
40976
40977
40978
40979
40980
40981
40982
40986
40988
40990
40992
40994
40996
40997
41001
41002
41003
41006
41008
41009
41011
41012
41014
41017
41019
41020
41021
41022
41023
41024
41025
41026
41029
41031
41034
41035
41036
41037
41040
41041
41042
41043
41044
41045
41046
41048
41050
41051
41052
41056
41059
41060
41065
41070
41074
41075
41077
41078
41079
41082
41083
41084
41086
41087
41088
41089
41090
41092
41095
41096
41097
41098
41100
41101
41102
41103
41105
41106
41107
41108
41109
41110
41111
41114
41117
41118
41123
41126
41128
41131
41133
41135
41136
41137
41138
41139
41142
41146
41147
41148
41149
41151
41152
41157
41169
41170
41172
41173
41174
41180
41182
41183
41184
41185
41188
41189
41190
41191
41193
41195
41196
41198
41200
41201
41202
41205
41206
41207
41208
41209
41210
41211
41212
41213
41214
41216
41217
41220
41224
41225
41226
41228
41230
41233
41235
41237
41238
41239
41241
41242
41244
41247
41248
41249
41250
41252
41257
41258
41259
41260
41261
41263
41267
41270
41271
41274
41276
41279
41280
41281
41282
41283
41286
41287
41294
41296
41299
41304
41305
41306
41307
41308
41311
41314
41317
41321
41322
41323
41325
41329
41331
41334
41336
41339
41343
41346
41347
41348
41350
41351
41354
41356
41362
41366
41368
41372
41373
41380
41384
41385
41388
41389
41390
41391
41394
41397
41399
41400
41405
41419
41422
41425
41429
41430
41431
41432
41443
41445
41447
41449
41451
41453
41454
41458
41463
41464
41466
41467
41468
41469
41473
41474
41475
41477
41480
41483
41486
41487
41488
41489
41491
41492
41494
41495
41496
41503
41504
41505
41510
41512
41515
41517
41518
41519
41520
41524
41526
41529
41530
41531
41532
41535
41537
41538
41550
41552
41556
41557
41558
41559
41561
41562
41564
41565
41572
41573
41575
41576
41578
41586
41591
41592
41602
41603
41605
41607
41609
41610
41614
41617
41618
41622
41625
41626
41627
41628
41629
41632
41633
41634
41636
41643
41646
41649
41651
41652
41654
41657
41660
41661
41663
41665
41666
41667
41670
41672
41674
41675
41676
41678
41679
41683
41684
41686
41693
41696
41699
41702
41703
41704
41708
41712
41713
41714
41717
41718
41720
41725
41728
41729
41730
41731
41733
41738
41739
41740
41742
41744
41747
41748
41749
41751
41754
41756
41760
41761
41762
41763
41769
41770
41774
41775
41776
41779
41786
41788
41789
41790
41792
41793
41804
41810
41816
41822
41824
41825
41826
41830
41841
41847
41849
41853
41856
41857
41858
41860
41861
41862
41863
41866
41868
41871
41874
41882
41885
41888
41891
41893
41895
41899
41900
41901
41911
41948
41957
41963
41967
42056
42094
42221
42242
42327
42466
42740
42950
42951
43082
43128
43131
43132
43139
43142
43143
43144
43154
43155
43188
43226
43236
43567
43710
43739
43791
43831
43881
43895
43974
43977
44020
44022
44029
44052
44054
44067
44130
44153
44182
44188
44191
44215
44219
44220
44221
44222
44223
44224
44226
44228
44230
44237
44245
44286
44309
44324
44338
44360
44374
44428
44445
44480
44488
44504
44516
44517
44519
44520
44526
44527
44528
44531
44533
44534
44536
44545
44550
44552
44592
44649
44690
44717
44779
44781
44787
44881
44892
44894
44900
44901
44903
44908
44911
44912
44915
44919
45107
45120
45125
45126
45138
45139
45141
45143
45145
45148
45149
45156
45157
45160
45162
45164
45165
45167
45198
45208
45211
45228
45323
45335
45365
45381
45411
45412
45414
45419
45426
45429
45432
45439
45440
45441
45443
45451
45453
45455
45457
45463
45468
45475
45479
45481
45482
45483
45485
45486
45490
45491
45494
45499
45500
45505
45507
45515
45574
45576
45580
45581
45582
45594
45600
45603
45617
45618
45619
45622
45635
45636
45637
45638
45639
45640
45644
45648
45649
45654
45655
45659
45664
45665
45667
45668
45671
45673
45681
45688
45689
45706
45708
45709
45715
45718
45749
45782
45783
45787
45809
45810
45825
45831
45837
45841
45842
45843
45848
45851
45867
45872
45882
45884
45935
45939
45943
45949
45952
45953
45954
45955
45961
45968
45969
45971
45975
45982
45994
46091
46117
46165
46324
46325
46421
46480
46568
46582
46592
46611
47480
47492
47510
47543
47588
47607
47692
47720
47752
47794
47801
47900
47902
47904
47908
47911
47914
47915
47918
47921
47922
47925
47927
47928
47932
47936
47944
47947
47960
47964
47969
47976
47978
47995
48026
48034
48041
48044
48050
48051
48052
48053
48064
48067
48068
48076
48097
48101
48104
48107
48110
48115
48120
48121
48130
48133
48134
48142
48147
48152
48159
48162
48164
48168
48172
48184
48226
48235
48241
48242
48244
48250
48252
48253
48254
48274
48275
48277
48288
48290
48295
48296
48301
48302
48304
48325
48326
48335
48343
48346
48353
48358
48364
48376
48389
48396
48399
48402
48404
48406
48420
48424
48428
48429
48430
48431
48436
48437
48443
48445
48457
48460
48461
48462
48468
48482
48487
48490
48491
48496
48497
48498
48499
48509
48512
48535
48538
48572
48591
48654
48679
48692
48696
48706
48772
48773
48881
48916
48919
49011
49042
49075
49088
49103
49133
49134
49137
49141
49153
49158
49180
49183
49188
49199
49231
49234
49242
49244
49268
49280
49291
49295
49299
49301
49307
49308
49310
49312
49318
49337
49338
49348
49351
49366
49375
49376
49378
49379
49388
49390
49400
49405
49406
49408
49412
49414
49416
49422
49424
49427
49432
49448
49449
49451
49454
49463
49467
49476
49478
49480
49481
49487
49488
49489
49506
49508
49509
49511
49516
49520
49522
49525
49526
49527
49530
49533
49537
49541
49551
49552
49559
49561
49562
49565
49573
49581
49583
49590
49595
49599
49603
49606
49610
49614
49615
49618
49639
49641
49646
49659
49663
49667
49674
49691
49694
49695
49696
49697
49698
49706
49707
49708
49710
49713
49716
49720
49723
49724
49729
49734
49741
49745
49760
49762
49763
49770
49772
49773
49774
49779
49781
49784
49791
49795
49796
49799
49801
49811
49821
49822
49825
49831
49832
49840
49842
49855
49856
49858
49860
49862
49885
49895
49896
49897
49899
49901
49912
49913
49916
49925
49927
49928
49933
49939
49940
49947
49959
49970
49972
49975
49978
49987
49989
49994
49996
50007
50021
50022
50025
50026
50027
50037
50171
50340
50342
50411
50463
50484
50501
50532
50540
50569
50760
50835
50955
50962
50980
51066
51110
51177
51183
51375
51384
51387
51393
51399
51405
51463
51570
51634
51642
51645
51650
51668
51678
51685
51693
51695
51830
51833
51840
51841
51846
51848
51849
51851
51854
51858
51861
51865
51866
51876
51881
51883
51889
51912
51914
51918
51941
51942
51943
51950
52086
52092
52095
52098
52099
52105
52110
52118
52147
52148
52151
52152
52155
52159
52162
52163
52165
52172
52179
52195
52219
52222
52232
52240
52251
52257
52272
52274
52281
52318
52319
52329
52330
52334
52335
52351
52352
52362
52366
52371
52375
52382
52386
52408
52414
52572
52611
52640
52649
52652
52657
52664
52665
52683
52701
52756
52829
52832
52846
52852
52857
52868
53111
53133
53138
53366
53430
53461
53470
54379
54416
54453
54525
54680
54754
54768
54775
54780
54900
54981
55426
55427
55433
55434
55437
55445
55450
55454
55455
55458
55459
55461
55468
55469
55471
55473
55474
55477
55478
55480
55483
55484
55485
55488
55489
55491
55493
55495
55496
55497
55514
55520
55530
55532
55533
55534
55536
55537
55539
55547
55549
55552
55553
55557
55558
55559
55561
55562
55565
55566
55567
55569
55572
55574
55575
55576
55579
55580
55581
55582
55585
55587
55588
55590
55593
55597
55599
55604
55606
55607
55608
55616
55617
55618
55619
55620
55621
55623
55626
55628
55630
55633
55634
55636
55639
55642
55647
55649
55653
55655
55657
55661
55662
55663
55664
55665
55668
55669
55671
55672
55673
55679
55680
55681
55682
55683
55684
55685
55686
55687
55690
55691
55693
55697
55699
55700
55701
55702
55703
55705
55707
55709
55711
55712
55718
55722
55726
55728
55729
55731
55733
55739
55742
55755
55757
55758
55759
55764
55765
55769
55770
55782
55785
55793
55798
55799
55800
55803
55805
55806
55809
55811
55812
55818
55823
55824
55826
55827
55829
55831
55833
55836
55837
55839
55840
55842
55843
55844
55848
55849
55850
55852
55857
55858
55859
55861
55864
55867
55868
55873
55875
55879
55884
55885
55888
55890
55895
55897
55899
55900
55902
55904
55906
55911
55912
55916
55921
55922
55933
55935
55937
55939
55940
55943
55945
55946
55948
55952
55953
55954
55955
55956
55957
55958
55959
55961
55962
55963
55964
55965
55967
55968
55971
55973
55975
55976
55978
55980
55982
55983
55984
55991
55992
55994
56000
56001
56004
56005
56008
56012
56014
56016
56029
56032
56033
56037
56038
56073
56080
56086
56097
56106
56119
56129
56130
56137
56150
56152
56208
56228
56234
56235
56240
56267
56279
56282
56284
56292
56295
56296
56299
56300
56320
56324
56331
56334
56358
56376
56377
56379
56382
56383
56386
56389
56394
56396
56398
56406
56411
56412
56417
56426
56427
56428
56430
56433
56437
56438
56439
56442
56444
56451
56453
56466
56469
56472
56489
56491
56492
56493
56495
56497
56504
56518
56521
56523
56528
56530
56537
56539
56540
56545
56546
56548
56554
56555
56556
56557
56558
56563
56565
56571
56572
56577
56583
56584
56585
56588
56589
56590
56591
56594
56598
56600
56603
56605
56606
56659
56661
56668
56670
56672
56674
56677
56678
56679
56680
56683
56685
56688
56690
56691
56692
56693
56694
56698
56700
56704
56705
56706
56708
56710
56712
56715
56718
56721
56723
56736
56737
56740
56743
56745
56752
56754
56760
56761
56762
56763
56766
56767
56774
56777
56784
56785
56788
56796
56798
56801
56803
56805
56806
56807
56808
56809
56810
56812
56822
56829
56830
56834
56835
56837
56839
56840
56841
56843
56845
56849
56856
56857
56861
56863
56868
56870
56879
56880
56885
56892
56894
56895
56897
56898
56899
56903
56904
56908
56912
56913
56916
56920
56924
56926
56927
56936
56937
56940
56941
56942
56943
56944
56945
56949
56955
56957
56959
56960
56962
56964
56969
56979
56983
56993
56994
56997
56999
57000
57002
57005
57006
57008
57009
57015
57016
57020
57022
57027
57028
57030
57031
57032
57033
57041
57043
57046
57048
57050
57051
57052
57056
57062
57065
57073
57076
57078
57079
57081
57083
57086
57094
57095
57098
57100
57102
57104
57105
57111
57112
57114
57115
57125
57126
57135
57139
57144
57146
57149
57151
57152
57158
57160
57169
57171
57178
57181
57185
57187
57198
57200
57211
57502
57724
57743
58616
59263
59931
60033
60114
60117
61474
61676
62158
62161
62165
62166
62167
62172
62173
62175
62176
62199
62200
62218
62261
62287
62301
62377
62404
62417
62431
62452
62463
62481
62496
62637
62645
62657
62673
62681
62693
62794
62795
63064
64011
64245
64327
64353
64370
64463
64464
64466
64471
64485
64602
64631
64662
64680
64807
64820
64823
64826
64827
64830
64832
64833
64844
64846
64865
64956
65036
65037
65042
65045
65046
65049
65050
65061
65064
65073
65128
65163
65196
65235
65244
65245
65246
65261
65262
65263
65275
65276
65280
65283
65296
65299
65318
65328
65330
65334
65339
65342
65355
65357
65358
65605
65608
65609
65615
65619
65621
65856
65864
65866
65867
65982
65986
65995
65999
66004
66103
66105
66117
66128
66151
66159
66167
66181
66187
66191
66192
66194
66195
66198
66200
66201
66204
66207
66232
66271
66272
66273
66300
66313
66368
66379
66428
66599
66610
66630
66636
66637
66640
66646
66746
66961
66992
67090
67092
67131
67159
67184
67425
67804
67895
68035
68040
68042
68044
68046
68048
68049
68050
68051
68056
68058
68063
68066
68068
68069
68073
68076
68078
68080
68089
68091
68094
68096
68097
68099
68100
68103
68105
68111
68112
68119
68120
68122
68125
68126
68134
68138
68141
68142
68143
68145
68148
68150
68151
68152
68153
68154
68155
68164
68165
68170
68171
68175
68176
68178
68179
68181
68183
68184
68187
68189
68190
68196
68198
68199
68200
68206
68207
68209
68210
68212
68215
68216
68219
68220
68222
68223
68224
68226
68231
68237
68242
68248
68249
68261
68265
68268
68270
68272
68273
68275
68279
68281
68283
68285
68287
68295
68296
68298
68302
68303
68304
68305
68306
68307
68308
68317
68327
68354
68355
68365
68367
68368
68369
68370
68371
68372
68374
68375
68377
68379
68380
68385
68386
68387
68389
68391
68392
68393
68394
68396
68398
68401
68403
68404
68413
68415
68417
68418
68419
68420
68421
68422
68425
68426
68427
68428
68433
68437
68439
68440
68441
68442
68444
68445
68447
68449
68450
68451
68454
68455
68464
68468
68471
68473
68475
68477
68478
68479
68480
68482
68487
68489
68490
68494
68498
68501
68503
68504
68505
68506
68508
68509
68510
68516
68519
68520
68522
68524
68525
68527
68530
68531
68532
68535
68536
68543
68545
68546
68548
68549
68550
68551
68559
68564
68635
68641
68675
68691
68701
68707
68719
68754
68766
68773
68784
68806
68813
68818
68830
68886
68891
68947
68973
68995
68998
69006
69013
69015
69017
69021
69022
69028
69032
69043
69045
69050
69058
69065
69067
69077
69079
69080
69089
69090
69099
69101
69102
69103
69105
69108
69109
69110
69111
69113
69117
69120
69121
69125
69128
69131
69132
69134
69140
69145
69149
69150
69153
69156
69159
69160
69161
69164
69167
69170
69171
69174
69175
69180
69182
69183
69186
69187
69188
69190
69192
69193
69194
69197
69198
69199
69200
69202
69205
69207
69208
69209
69212
69215
69216
69217
69218
69220
69222
69231
69234
69236
69237
69240
69242
69243
69245
69247
69249
69255
69258
69259
69260
69264
69266
69270
69288
69293
69297
69303
69314
69315
69316
69317
69318
69325
69326
69331
69337
69340
69351
69358
69359
69361
69367
69369
69370
69371
69380
69381
69382
69385
69387
69390
69394
69399
69400
69402
69412
69414
69416
69422
69427
69431
69439
69440
69453
69460
69467
69468
69471
69477
69488
69496
69510
69513
69517
69536
69553
69669
69703
69753
69814
69908
70131
70244
70404
70433
70486
70580
70768
70791
70866
70871
70873
70874
70876
70877
70878
70948
70950
70951
70969
71019
71030
71040
71077
71100
71199
71264
71313
71327
71345
71541
71684
71688
71711
71795
71802
71928
71934
72082
72085
72090
72096
72100
72101
72102
72110
72130
72199
72200
72212
72214
72220
72226
72227
72228
72232
72239
72248
72259
72261
72405
72506
72515
72536
72545
72555
72560
72638
72793
73264
73266
73526
73649
73870
73872
73874
73876
73880
73884
73888
73890
73894
73901
73902
74274
74280
74286
74291
74292
74294
74300
74302
74303
74306
74307
74313
74377
74381
74382
74387
74391
74392
74393
74399
74402
74409
74410
74413
74417
74430
74441
74445
74448
74451
74455
74458
74459
74462
74463
74470
74473
74500
74501
74507
74511
74512
74514
74515
74520
74521
74524
74531
74536
74538
74540
74542
74543
74544
74546
74552
74556
74559
74563
74565
74571
74574
74576
74578
74582
74586
74587
74591
74720
74739
74768
74805
74841
74852
74861
74862
74865
74875
74881
74905
74923
74925
74929
74933
74936
74940
74943
74949
74950
74958
74962
74967
74968
74971
74972
74981
74984
74987
75000
75001
75003
75006
75007
75008
75021
75027
75028
75037
75041
75044
75045
75051
75052
75054
75056
75071
75072
75076
75083
75084
75085
75089
75090
75103
75106
75113
75120
75133
75138
75139
75155
75157
75158
75163
75167
75172
75173
75175
75179
75187
75191
75198
75203
75204
75207
75208
75210
75211
75215
75216
75240
75241
75244
75251
75259
75268
75274
75292
75303
75307
75311
75314
75316
75328
75329
75330
75336
75339
75662
75853
75968
76070
76103
76124
76175
76214
76320
76377
76444
76467
76469
76542
76629
76659
76679
76699
76705
76766
76808
76810
77042
77044
77129
77133
77213
77215
77218
77312
77324
77327
77329
77332
77333
77337
77340
77345
77346
77353
77362
77368
77390
77409
77411
77414
77416
77420
77422
77423
77451
77476
77478
77534
77543
77551
77555
77587
77589
77607
77627
77630
77698
77704
77713
77715
77717
77719
77850
77851
77852
77854
77863
77906
77918
77932
77938
77940
77943
77949
77971
78016
78032
78034
78045
78107
78138
78152
78154
78167
78179
78322
78348
78363
78520
78581
78582
78587
78604
78662
78671
78703
78705
79011
79330
79449
79525
79528
79540
79542
79543
79549
79554
79576
79615
79669
79670
79672
79701
79722
79723
79726
79756
79757
79796
79859
79879
79950
79992
80163
80167
80170
80171
80174
80191
80192
80193
80199
80206
80218
80230
80235
80244
80336
80413
81077
81386
81391
81539
81614
81618
81624
81628
81639
81651
81653
81655
81667
81678
81681
81684
81691
81703
81710
81724
81735
81737
81738
81740
81745
81748
81751
81788
81798
81801
81815
81816
81821
81823
81825
81827
81828
81829
81830
81844
81845
81848
81849
81850
81852
81859
81861
81871
81872
81873
81888
81889
81890
81892
81895
81897
81899
81908
81909
81914
81923
81929
81931
81939
81940
81947
81956
82078
82192
82234
82236
82242
82250
82252
82269
82283
82325
82340
82351
82354
82355
82360
82366
82367
82369
82382
82389
82403
82406
82414
82429
82444
82459
82462
82466
82467
82470
82484
82485
82510
82549
82571
82578
82588
82592
82612
82747
82882
82921
82943
83162
83191
83197
83202
83225
83248
83252
83271
83274
83276
83279
83295
83385
83454
83496
83517
83546
83602
83773
83924
84061
84338
84369
84371
84372
84379
84384
84397
84402
84430
84442
84460
84476
84568
84591
84592
84597
84604
84623
84624
84635
84638
84643
84685
84686
84695
84697
84710
84734
84741
84746
84793
84799
84816
84823
84838
84840
84848
84858
84859
84874
84880
84909
85014
85087
85155
85165
85172
85195
85287
85433
85443
85473
85511
85749
85827
85854
85974
85975
85987
85990
86009
86031
86034
86039
86049
86074
86092
86122
86127
86351
86402
86422
86472
86703
86705
86710
86729
86731
86743
86761
86776
86785
86800
86803
86812
86814
86815
86842
86845
86847
86882
86887
86889
86891
86893
86915
86923
86942
86950
86951
86977
86980
86984
86985
86986
86992
86995
87000
87001
87006
87029
87038
87044
87047
87049
87058
87070
87074
87080
87122
87124
87131
87150
87176
87186
87212
87213
87220
87239
87249
87257
87267
87278
87331
87355
87405
87420
87446
87502
87533
87544
87560
87610
87637
87703
87707
87772
87789
87796
87800
87809
87814
87824
87855
87858
87862
87865
87946
88333
88337
88350
88408
88442
88443
88448
88459
88463
88470
88479
88538
88554
88564
88575
88576
88578
88579
88581
88614
88639
88652
88669
88675
88676
88701
88705
88707
88708
88709
88718
88729
88730
88735
88742
88747
88764
88782
88793
88807
88815
88832
88833
88836
88843
88844
88856
88864
88865
88872
88900
88902
88903
88920
88924
88936
88940
89001
89033
89034
89087
89116
89123
89165
89167
89168
89174
89175
89188
89200
89201
89237
89238
89253
89257
89263
89290
89366
89961
90048
90075
90112
90132
90224
90445
90660
90704
90784
90789
90852
90855
90857
90874
90878
90880
90883
90887
90888
90891
90897
90902
90913
90915
90926
90937
90938
90945
90946
90952
90953
90955
90965
91149
91153
91249
92335
93348
93492
94517
95094
96059
96163
96916
98024
98467
99373
99414
99711
99712
99716
99726
99728
99729
99732
99735
99775
99786
99789
99823
99831
99835
99836
99837
99845
99848
99851
99855
99867
99891
99903
100008
100054
100077
100128
100207
100292
100376
100509
100518
100530
100558
100569
100572
100592
100607
100608
100610
100630
100632
100644
100660
100661
100678
100680
100682
100707
100714
100715
100724
100734
100755
100773
100777
100780
100781
100816
100830
100834
100845
100868
100930
100934
100935
100939
100946
100947
100964
100968
100983
101010
101023
101101
101105
101142
101265
101298
101414
101418
101447
101531
101534
101535
101538
101539
101541
101542
101543
101663
101667
101669
101673
101681
101682
101691
101695
101696
101729
102151
102313
103816
103848
103879
103883
103894
103921
103956
104027
104044
104099
104130
104136
104145
104147
104152
104197
104299
104342
104477
104838
104886
105139
105144
105146
105262
105296
105299
105358
105406
105420
105426
105435
105453
105457
105465
105477
105484
105490
105550
105643
105668
105670
105675
105676
105677
105711
105712
105738
105742
105746
105867
105868
105900
105928
105965
106215
106591
106645
106849
106948
107047
107053
107079
107091
107106
107132
107532
107623
108095
108152
108155
108183
108184
108238
108246
109235
109357
109369
109386
109421
109427
109465
109865
110156
110165
110440
110441
110586
110647
110648
110725
110735
110745
110774
110776
110786
110792
110801
110815
110830
110853
110860
110867
110886
110918
110932
110962
110989
111009
111024
111050
111061
111129
111694
111783
111871
111880
111992
112261
112620
113207
113246
113300
113377
113391
113454
113464
113534
113557
113560
113565
113573
113602
113703
113707
113718
113729
113742
113753
113763
113776
113790
113791
113882
113924
114328
114519
114741
115256
115523
115565
115574
115597
115598
115603
115610
115622
115636
115647
115648
115665
115690
115737
115746
115748
115814
115908
115910
115922
115928
115929
115932
115933
116010
116060
116067
116071
116108
116117
116234
116395
116462
117445
117451
117457
117458
117466
117476
117615
117682
117702
117703
117707
117713
117844
117948
117949
117950
117959
117963
117973
117975
117983
117988
117991
117998
118004
118005
119112
119890
119952
120027
120304
120587
121208
121490
121491
121495
121568
121570
121574
121575
121600
121602
121617
121618
121627
121641
121650
121673
121702
121703
121710
121718
121722
121755
121756
121779
121782
121858
121860
121891
121932
121937
121939
121970
122027
122031
122077
122081
122114
122136
122138
122146
122148
122152
122153
122202
122205
122246
122247
122413
122572
122790
122805
122916
122977
122991
123251
123387
123434
123514
123775
123788
123794
123798
123805
123813
123817
123820
123829
123845
123852
123861
123885
123892
123896
123914
123916
123926
123932
123939
123943
123965
123971
123981
123986
124071
124163
124206
124236
124247
124271
124356
124386
124393
124409
124413
124421
124423
124432
124458
124461
124462
124473
124475
124481
124672
124701
128043
128045
128047
128048
128050
128069
128070
128074
128175
128182
128184
128188
128189
128192
128200
128202
128217
128221
128224
128225
128226
128235
128242
128243
128248
128252
128254
128255
128256
128276
128282
128283
128287
128289
128298
128301
128302
128307
128318
128319
128324
128326
128327
128331
128332
128334
128336
128337
128347
128352
128357
128359
128366
128371
128373
128374
128399
128402
128409
128413
128417
128423
128437
128450
128452
128453
128457
128466
128467
128468
128472
128474
128480
128489
128496
128501
128510
128511
128512
128514
128516
128519
128521
128524
128529
128570
128575
128578
128597
128610
128613
128624
128630
128658
128660
128661
128665
128699
128702
128708
128709
128715
128723
128731
128732
128737
128738
128746
128762
128764
128791
128811
128884
128898
129146
129218
129318
129461
129474
129509
129523
129530
129532
129533
129534
129541
129558
129559
129566
129567
129584
129585
129589
129603
129604
129609
129612
129615
129620
129625
129626
129635
129636
129653
129657
129670
129674
129696
129707
129708
129715
129720
129721
129731
129738
129755
129773
129777
129779
129795
129812
129821
129840
129842
129848
129878
129885
129895
129896
129909
129922
129925
129930
129932
129947
129984
129985
129990
129992
130006
130007
130026
130030
130035
130039
130082
130094
130108
130109
130111
130116
130125
130398
130429
130445
130446
130465
130473
130475
130485
130516
130517
130519
130529
130531
130534
130541
130542
130544
130547
130554
130555
130556
130560
130562
130564
130649
130657
130664
130666
130671
130674
130676
130687
130691
130694
130697
130704
130705
130712
130718
130719
130728
130734
130739
130745
130752
130757
130759
130760
130762
130769
130777
130782
130783
130784
130797
130798
130799
130805
130806
130900
130991
131030
131031
131056
131057
131117
131121
131149
131159
131160
131164
131166
131195
131199
131210
131211
131215
131217
131229
131234
131257
131262
131263
131271
131275
131289
131290
131323
131371
131564
131587
131961
131962
